[gd_scene load_steps=4 format=3 uid="uid://pkab67xi6lcd"]

[ext_resource type="PackedScene" uid="uid://dqv3gt6xhwlos" path="res://KayKit_Adventurers_1.0_FREE/Characters/gltf/Barbarian.glb" id="1_6tev4"]
[ext_resource type="Script" path="res://enemy.gd" id="2_l3rco"]

[sub_resource type="CapsuleShape3D" id="CapsuleShape3D_ka1pp"]

[node name="Enemy" instance=ExtResource("1_6tev4")]
script = ExtResource("2_l3rco")

[node name="Rig" parent="." index="0"]
transform = Transform3D(-1, 0, -8.74228e-08, 0, 1, 0, 8.74228e-08, 0, -1, 0, 0, 0)

[node name="Skeleton3D" parent="Rig" index="0"]
bones/1/position = Vector3(0, 0.392064, 0)
bones/1/rotation = Quaternion(-1.11179e-10, 0.0185677, 2.57371e-09, 0.999828)
bones/2/rotation = Quaternion(-1.3939e-17, -0.0935971, -2.23024e-16, 0.99561)
bones/3/rotation = Quaternion(-0.0248189, 0.000998197, -0.0327574, 0.999155)
bones/4/rotation = Quaternion(-0.624545, 0.0345144, -0.480875, 0.61442)
bones/5/rotation = Quaternion(-3.48538e-08, -3.15801e-09, -0.58744, 0.809268)
bones/7/rotation = Quaternion(-0.355173, -0.249188, 0.136289, 0.890608)
bones/8/rotation = Quaternion(1.60975e-09, 1.60975e-09, -0.707107, 0.707107)
bones/11/rotation = Quaternion(-0.63337, 0.287116, 0.626123, 0.352671)
bones/12/rotation = Quaternion(-4.3245e-08, 7.0708e-08, 0.62037, 0.78431)
bones/14/rotation = Quaternion(-0.266845, 0.465911, -0.0833188, 0.839511)
bones/15/rotation = Quaternion(3.71708e-09, 4.9761e-10, 0.707107, 0.707107)
bones/19/rotation = Quaternion(-0.0408349, 0.0719828, 0.015176, 0.996454)
bones/22/rotation = Quaternion(0.995809, 0.046445, 0.0312644, -0.0723109)
bones/23/rotation = Quaternion(0.12918, 6.8117e-08, -8.64539e-08, 0.991621)
bones/24/rotation = Quaternion(-0.525123, -0.260926, -0.00400933, 0.810029)
bones/26/rotation = Quaternion(0.996841, -0.0275897, 0.00649475, 0.0741894)
bones/27/rotation = Quaternion(0.28123, -6.58016e-08, 1.94941e-07, 0.95964)
bones/28/rotation = Quaternion(-0.553378, 0.114605, -0.00732565, 0.824976)
bones/29/rotation = Quaternion(3.04791e-08, 0.920355, -0.391084, -6.94849e-08)
bones/30/rotation = Quaternion(0.707107, -2.29302e-07, -4.60552e-08, 0.707107)
bones/31/position = Vector3(0.213918, 0.0259903, 0.173866)
bones/31/rotation = Quaternion(-0.705092, 0.0533355, 0.0533355, 0.705092)
bones/32/rotation = Quaternion(9.65792e-09, 1.77955e-09, 0.985719, -0.168398)
bones/33/rotation = Quaternion(-1.04035e-07, 0.391084, 0.920355, -2.9526e-08)
bones/35/rotation = Quaternion(1, -3.10863e-15, 1.94707e-07, -6.91739e-22)
bones/37/rotation = Quaternion(0.707107, -3.82385e-08, 1.45009e-07, 0.707107)
bones/38/rotation = Quaternion(-0.707107, -7.05285e-08, -7.05285e-08, 0.707107)
bones/39/rotation = Quaternion(-5.83589e-09, 6.43837e-10, 0.994809, 0.101756)
bones/40/rotation = Quaternion(-1.04035e-07, 0.391084, 0.920355, -2.95261e-08)
bones/45/position = Vector3(0.524264, 0.818453, -0.0370968)
bones/45/rotation = Quaternion(0.74215, -6.94972e-05, 0.670234, 6.93202e-05)
bones/46/position = Vector3(-0.453507, 0.897734, -0.515461)
bones/47/position = Vector3(-0.499158, 0.938535, 0.155621)
bones/47/rotation = Quaternion(-0.664912, 0.314109, 0.570923, -0.365067)

[node name="1H_Axe_Offhand" parent="Rig/Skeleton3D" index="0"]
transform = Transform3D(0.000196975, 0.101572, 0.994827, 0.999999, -1.01298e-05, -0.000196544, -9.64257e-06, 0.994828, -0.101573, 0.515059, 0.669852, 0.0284781)
visible = false

[node name="Barbarian_Round_Shield" parent="Rig/Skeleton3D" index="1"]
transform = Transform3D(0.00019633, 0.101572, 0.994827, 0.999999, -1.26502e-05, -0.000195638, -7.04314e-06, 0.994828, -0.101572, 0.668483, 0.669822, -0.00356843)

[node name="1H_Axe" parent="Rig/Skeleton3D" index="2"]
transform = Transform3D(0.000857852, -0.150764, 0.988569, 0.536123, 0.834559, 0.126811, -0.844138, 0.529886, 0.0815445, -0.478844, 0.909161, 0.324665)

[node name="2H_Axe" parent="Rig/Skeleton3D" index="3"]
transform = Transform3D(0.000857852, -0.150764, 0.988569, 0.536123, 0.834559, 0.126811, -0.844138, 0.529886, 0.0815445, -0.478844, 0.909161, 0.324665)
visible = false

[node name="Mug" parent="Rig/Skeleton3D" index="4"]
transform = Transform3D(0.000857852, -0.150764, 0.988569, 0.536123, 0.834559, 0.126811, -0.844138, 0.529886, 0.0815445, -0.471722, 0.707172, 0.552449)
visible = false

[node name="Barbarian_Hat" parent="Rig/Skeleton3D" index="5"]
transform = Transform3D(0.998856, 0.0477574, 0.00234286, -0.0476834, 0.991283, 0.122818, 0.00354303, -0.122789, 0.992426, 0.0181625, 1.20159, -0.00742768)

[node name="Barbarian_Cape" parent="Rig/Skeleton3D" index="6"]
transform = Transform3D(0.986653, 0.0721097, -0.146, -0.065509, 0.996622, 0.0495304, 0.149079, -0.0393049, 0.988044, 0.0175384, 1.20145, -0.00956115)

[node name="CollisionShape3D" type="CollisionShape3D" parent="." index="2"]
transform = Transform3D(1, 0, 0, 0, 1, 0, 0, 0, 1, 0, 0.971711, 0)
shape = SubResource("CapsuleShape3D_ka1pp")

[node name="Hurtbox" type="Area3D" parent="." index="3"]

[node name="CollisionShape3D" type="CollisionShape3D" parent="Hurtbox" index="0"]
transform = Transform3D(1, 0, 0, 0, 1, 0, 0, 0, 1, 0, 0.971711, 0)
shape = SubResource("CapsuleShape3D_ka1pp")

[connection signal="area_entered" from="Hurtbox" to="." method="_on_hurtbox_area_entered"]
